0 0 0
150 96 35
124 96 112
0 255 0
255 175 0
255 124 23
48 197 0
255 0 0
60 32 80
203 212 25
0 0 255
102 0 102
220 151 22
255 102 255
102 0 102
51 0 0
100 20 175
255 25 25
255 0 0
255 102 155
102 0 152
0 0 255
100 200 175
255 83 25
114 96 35
124 96 112
58 55 103
0 101 255
255 175 216
255 176 23
48 197 0
47 79 47
60 32 80
203 212 25
0 197 113
102 0 102
255 0 0
220 151 22
255 102 255
102 0 102
51 0 0
100 20 175
255 25 25
255 102 155
102 0 152
51 0 120
100 200 175
255 83 25
114 96 35
124 96 112
58 55 103
0 101 255
255 175 216
255 176 23
48 197 0
47 79 47
60 32 80
203 212 25
0 197 113
102 0 102
255 0 0
220 151 22
255 102 255
102 0 102
51 0 0
100 20 175
255 25 25
255 102 155
102 0 152
51 0 120
100 200 175
255 83 25
